cam0:
  T_cam_imu:
  - [-0.001070287110747692, 0.9999775099474943, -0.006620731433109983, -0.046968717124876616]
  - [-0.007807037138439998, 0.006612177862667906, 0.9999476632679489, 0.009489474397662172]
  - [0.999968951846316, 0.001121919391599835, 0.007799784629024531, -0.046206903461258886]
  - [0.0, 0.0, 0.0, 1.0]
  cam_overlaps: [1]
  camera_model: pinhole
  distortion_coeffs: [-0.03908623683636908, -0.008364734078508202, 0.006865315014140142,
    -0.0022325156415695015]
  distortion_model: equidistant
  intrinsics: [353.83530850045827, 353.08084839605925, 354.9603638484091, 261.96623968254306]
  resolution: [720, 540]
  rostopic: /alphasense_driver_ros/cam0
  timeshift_cam_imu: 0.0018321259013363727
cam1:
  T_cam_imu:
  - [0.009858324983608086, 0.9999487481397873, 0.002305324747244264, 0.06378286748281334]
  - [-0.0009990649217994085, -0.002295586068900013, 0.9999968660720306, 0.01008433938376736]
  - [0.9999509064438115, -0.009860597257416004, 0.0009763830843686483, -0.04628274541451833]
  - [0.0, 0.0, 0.0, 1.0]
  T_cn_cnm1:
  - [0.9999004450657571, 0.008840078761063054, 0.010997861828491318, 0.11117119807885806]
  - [-0.008915175838954632, 0.9999371504175603, 0.006798150819857261, 0.0004908485221584779]
  - [-0.010937074428790546, -0.006895521902452946, 0.9999164125968888, -0.0005279697447933163]
  - [0.0, 0.0, 0.0, 1.0]
  cam_overlaps: [0]
  camera_model: pinhole
  distortion_coeffs: [-0.039027237686972804, -0.007007232658408612, 0.004840825566050042,
    -0.001621433395224995]
  distortion_model: equidistant
  intrinsics: [353.6540189302263, 353.01548372647176, 362.4407167511296, 288.4941881913415]
  resolution: [720, 540]
  rostopic: /alphasense_driver_ros/cam1
  timeshift_cam_imu: 0.0018438881109310357
