cam0:
  cam_overlaps: [1]
  camera_model: pinhole
  distortion_coeffs: [-0.03908623683636908, -0.008364734078508202, 0.006865315014140142,
    -0.0022325156415695015]
  distortion_model: equidistant
  intrinsics: [353.83530850045827, 353.08084839605925, 354.9603638484091, 261.96623968254306]
  resolution: [720, 540]
  rostopic: /alphasense_driver_ros/cam0
cam1:
  T_cn_cnm1:
  - [0.9999004450657571, 0.008840078761063054, 0.010997861828491322, 0.11117119807885806]
  - [-0.008915175838954632, 0.9999371504175603, 0.006798150819857261, 0.0004908485221584779]
  - [-0.01093707442879055, -0.006895521902452946, 0.9999164125968888, -0.0005279697447933163]
  - [0.0, 0.0, 0.0, 1.0]
  cam_overlaps: [0]
  camera_model: pinhole
  distortion_coeffs: [-0.039027237686972804, -0.007007232658408612, 0.004840825566050042,
    -0.001621433395224995]
  distortion_model: equidistant
  intrinsics: [353.6540189302263, 353.01548372647176, 362.4407167511296, 288.4941881913415]
  resolution: [720, 540]
  rostopic: /alphasense_driver_ros/cam1
