cam0:
  T_cam_imu:
  - [-0.9999770395874403, 0.0008535162098522019, 0.006722485256069301, -0.005755208373386481]
  - [0.006713129004657366, -0.010528556524205824, 0.9999220386592563, 0.012255460799754432]
  - [0.0009242277345858016, 0.9999442089474772, 0.010522585019780083, -0.05244425820270622]
  - [0.0, 0.0, 0.0, 1.0]
  cam_overlaps: []
  camera_model: pinhole
  distortion_coeffs: [-0.04738389395412899, 0.006350363749183408, -0.006374581267773348,
    0.0016867546434477334]
  distortion_model: equidistant
  intrinsics: [355.585513023454, 354.4708924377204, 359.1699883054597, 246.0908212151934]
  resolution: [720, 540]
  rostopic: /alphasense_driver_ros/cam3
  timeshift_cam_imu: 0.0018835611501676463
