Newer College data calibration file 
T_b_cam0: 
-0.00107029 -0.00780704    0.999969   0.0462293
   0.999978  0.00661218  0.00112192   0.0469568
-0.00662073    0.999948  0.00779978 -0.00943954
          0           0           0           1
T_b_cam1: 
  0.00985832 -0.000999065     0.999951    0.0456618
    0.999949  -0.00229559   -0.0098606   -0.0642128
  0.00230532     0.999997  0.000976383   -0.0101862
           0            0            0            1
T_b_cam3: 
  -0.999977  0.00671313 0.000924228 -0.00578888
0.000853516  -0.0105286    0.999944   0.0525753
 0.00672249    0.999922   0.0105226   -0.011664
          0           0           0           1
