%YAML:1.0

#camera calibration 
model_type: KANNALA_BRANDT
camera_name: camera
image_width: 1280
image_height: 1024
distortion_parameters:
   k2: -0.07015146608431883  #k1
   k3: 0.008586142263125124  #k2
   k4: -0.021968993685891842  #k3
   k5: 0.007442211946112636  #k4
projection_parameters:
   mu: 540.645056202188  #fx
   mv: 539.8545023658869  #fy
   u0: 626.4125666883942   #cx
   v0: 523.947634226782   #cy
