cam0:
  cam_overlaps: []
  camera_model: pinhole
  distortion_coeffs: [-0.03713375423447921, -0.007489770634057738, 0.003287983152377356,
    -0.0008136114053480689]
  distortion_model: equidistant
  intrinsics: [351.6547241343154, 350.97590029372265, 342.91570997688115, 288.27050308689036]
  resolution: [720, 540]
  rostopic: /alphasense_driver_ros/cam4
