cam0:
  T_cam_imu:
  - [0.9999608005152463, -0.00764705302431521, -0.004463184171536622, 0.006542661540990019]
  - [0.004463831033452346, 6.752387667768867e-05, 0.9999900347768615, 0.011382357923415307]
  - [-0.007646675448227889, -0.9999707585827533, 0.00010165638238096575, -0.0754193763154894]
  - [0.0, 0.0, 0.0, 1.0]
  cam_overlaps: []
  camera_model: pinhole
  distortion_coeffs: [-0.03713375423447921, -0.007489770634057738, 0.003287983152377356,
    -0.0008136114053480689]
  distortion_model: equidistant
  intrinsics: [351.6547241343154, 350.97590029372265, 342.91570997688115, 288.27050308689036]
  resolution: [720, 540]
  rostopic: /alphasense_driver_ros/cam4
  timeshift_cam_imu: 0.0017891047954595573
